E(10) = -1.1330268472048104;
E(11) = -1.1308232327530066;
E(12) = -1.1258377110649986;
E(13) = -1.1188697593822989;
E(14) = -1.1105048656868821;
E(15) = -1.1011760412597627;
E(16) = -1.0912061320935107;
E(17) = -1.0702530345573973;
E(18) = -1.0489574794329222;
E(19) = -1.0280711160353224;
E(1) = -0.4800444363414247;
E(20) = -1.0080166969451840;
E(21) = -0.9890175334028235;
E(22) = -0.9545190565070103;
E(23) = -0.9246841635855954;
E(24) = -0.8991653480056042;
E(25) = -0.8774704115192402;
E(26) = -0.8590816885156755;
E(27) = -0.8400059341188456;
E(28) = -0.8245013898917836;
E(29) = -0.8118715372890183;
E(2) = -0.7253063910257325;
E(30) = -0.8015443601893646;
E(31) = -0.7860346258715819;
E(32) = -0.7752859593784140;
E(33) = -0.7676059103299256;
E(34) = -0.7619048429784906;
E(35) = -0.7574930361259942;
E(36) = -0.7539478394127574;
E(37) = -0.7510114548229823;
E(38) = -0.7483200359849507;
E(39) = -0.7462787220697770;
E(3) = -0.8792657379514175;
E(40) = -0.7428347980781781;
E(41) = -0.7400584078005237;
E(42) = -0.7350511792701975;
E(43) = -0.7317150985778333;
E(44) = -0.7293329503429543;
E(45) = -0.7275466464649225;
E(46) = -0.7261574434920688;
E(47) = -0.7250461529368170;
E(48) = -0.7221887569235992;
E(49) = -0.7200458321046719;
E(4) = -0.9783450498707054;
E(5) = -1.0425957866010966;
E(6) = -1.0838471216055559;
E(7) = -1.1094625166294012;
E(8) = -1.1242248445229817;
E(9) = -1.1313436866659659;

R(10) = 1.4;
R(11) = 1.5;
R(12) = 1.6;
R(13) = 1.7;
R(14) = 1.8;
R(15) = 1.9;
R(16) = 2.0;
R(17) = 2.2;
R(18) = 2.4;
R(19) = 2.6;
R(1) = 0.5;
R(20) = 2.8;
R(21) = 3.0;
R(22) = 3.4;
R(23) = 3.8;
R(24) = 4.2;
R(25) = 4.6;
R(26) = 5.0;
R(27) = 5.5;
R(28) = 6.0;
R(29) = 6.5;
R(2) = 0.6;
R(30) = 7.0;
R(31) = 8.0;
R(32) = 9.0;
R(33) = 10.0;
R(34) = 11.0;
R(35) = 12.0;
R(36) = 13.0;
R(37) = 14.0;
R(38) = 15.0;
R(39) = 16.0;
R(3) = 0.7;
R(40) = 18.0;
R(41) = 20.0;
R(42) = 25.0;
R(43) = 30.0;
R(44) = 35.0;
R(45) = 40.0;
R(46) = 45.0;
R(47) = 50.0;
R(48) = 70.0;
R(49) = 100.0;
R(4) = 0.8;
R(5) = 0.9;
R(6) = 1.0;
R(7) = 1.1;
R(8) = 1.2;
R(9) = 1.3;
